1001801681
1025366946
1030768058
1043310840
1061332674
1067557179
1130708464
1143748106
1144035286
1176488209
1202038153
1236512957
1260337803
1264258399
1287523135
1292903791
1342364248
1347801790
1362218434
1386394376
1390455434
1400338723
1418520314
1439845114
1477837896
1484631414
1490604744
151775487
1581189747
158227468
1604722506
1659777043
1687225894
171289
1747849380
1804979910
1837787343
1851382924
185342318
188003855
1901713017
1921591648
1926768099
196260543
200633828
210971170
2115220181
212658635
2131238890
218565302
225806189
243446
260520998
261889280
263506396
281254230
282359997
283942319
287570079
290179320
290701530
301586057
301933022
31144206
317418214
319972898
321219228
330204014
334937386
348039805
353770291
365800320
366762009
377415673
394532095
396255434
401073252
401860296
408256521
430145026
440178623
449194538
467710119
471491349
478906736
484279740
486041003
489293818
500598355
500855780
502918162
5049264587
505296777
5068894095
5122389415
5146784676
5166392913
5180634512
5185047650
5219342440
525256564
5288256038
5304297530
539522739
539625693
5465596992
5472404492
548951886
551283177
561665893
5622951042
563110984
5634268658
564432339
5670381285
5673942336
569147569
5697159086
5717487416
5729217912
5734510631
5767977557
579462834
5795916303
5798978049
5950775501
597444299
5988635222
6043125
6045304927
610305080
6104382245
6131324087
6141683244
6145897919
6157508687
6205028284
6217402486
6229807488
6232385385
628401965
6329575498
639164772
6403778679
6411210483
6429169957
643401279
6443909728
65137327
652197182
6526260857
6527743287
6596700200
6619897733
669506577
6808275178
6870517230
688087599
692477955
695525956
698196622
723641178
7254357986
7299877606
733594973
735191591
742987695
7480935373
753057366
753361047
756051602
7603769804
7616062690
763720011
764657077
7750541646
778462028
7804522101
7841326066
790775272
7907823179
790890475
794650449
7972329603
805894573
8098826203
8210149844
822125467
824396361
825737877
8382010191
8426381032
847059960
847765795
8519329494
8572202952
8637977627
8720652571
884953908
885757634
900560702
907431266
914495187
921113891
921360983
932238149
933460609
944259150
961426955
966382276
967337991
982743117
987181606
989383392
993387470
